Linux 3.18.58 (localhost.localdomain) 	12/12/2017 	_x86_64_	(16 CPU)

07:31:20 PM kbmemfree kbmemused  %memused kbbuffers  kbcached  kbcommit   %commit
07:31:22 PM  20066868   4627420     18.74     44764   2714644   2835304     11.01
07:31:24 PM  19943492   4750796     19.24     44956   2717592   2959332     11.50
07:31:26 PM  19687204   5007084     20.28     45992   2833656  11145216     43.29
07:31:28 PM  19493348   5200940     21.06     48364   2922384  25304728     98.30
07:31:30 PM  19183076   5511212     22.32     53748   2956028  75476776    293.19
07:31:32 PM  19167616   5526672     22.38     55636   2968328  75680796    293.99
07:31:34 PM  19146764   5547524     22.46     55640   3018804  71912036    279.35
07:31:36 PM  19065828   5628460     22.79     55680   3117380  68148460    264.73
07:31:38 PM  19064556   5629732     22.80     55680   3117380  68148452    264.73
07:31:40 PM  19051532   5642756     22.85     55720   3117540  70653016    274.46
07:31:42 PM  19023144   5671144     22.97     55800   3136096  68223560    265.02
07:31:44 PM  18992696   5701592     23.09     55824   3165080  68223568    265.02
07:31:46 PM  18869452   5824836     23.59     55884   3287348  68130212    264.66
07:31:48 PM  18869452   5824836     23.59     55888   3288004  68130212    264.66
07:31:50 PM  18869080   5825208     23.59     55896   3288608  68130204    264.66
07:31:52 PM  18868336   5825952     23.59     55920   3289164  68130204    264.66
07:31:54 PM  18859636   5834652     23.63     55932   3296888  68130212    264.66
07:31:56 PM  18709988   5984300     24.23     55988   3443188  68130212    264.66
07:31:58 PM  18709368   5984920     24.24     55988   3443740  68130212    264.66
07:32:00 PM  18716872   5977416     24.21     56068   3444248  65620076    254.91
07:32:02 PM  18720532   5973756     24.19     56068   3444908  64365244    250.03
07:32:04 PM  18719544   5974744     24.19     56084   3445552  64413056    250.22
07:32:06 PM  18668628   6025660     24.40     56108   3495672  64365252    250.03
07:32:08 PM  18668008   6026280     24.40     56108   3496148  64365252    250.03
07:32:10 PM  18667016   6027272     24.41     56128   3496844  64365244    250.03
07:32:12 PM  18676132   6018156     24.37     56152   3498624  61858676    240.29
07:32:14 PM  18685944   6008344     24.33     56164   3488080  61849620    240.26
07:32:16 PM  18532588   6161700     24.95     56196   3637124  61849628    240.26
07:32:18 PM  18532464   6161824     24.95     56196   3637124  61849628    240.26
07:32:20 PM  18532464   6161824     24.95     56212   3637124  61849620    240.26
07:32:22 PM  18532340   6161948     24.95     56212   3637124  61849620    240.26
07:32:24 PM  18532216   6162072     24.95     56232   3637124  61849620    240.26
07:32:26 PM  18377484   6316804     25.58     56272   3787468  61849620    240.26
07:32:28 PM  18377112   6317176     25.58     56272   3787468  61849620    240.26
07:32:30 PM  18365136   6329152     25.63     56320   3791076  63029556    244.84
07:32:32 PM  18375164   6319124     25.59     56320   3791076  59341808    230.52
07:32:34 PM  18375148   6319140     25.59     56328   3791080  59341808    230.52
07:32:36 PM  18218040   6476248     26.23     56392   3944032  59341808    230.52
07:32:38 PM  18218040   6476248     26.23     56392   3944032  59341808    230.52
07:32:40 PM  18213648   6480640     26.24     56416   3944032  61781532    239.99
07:32:42 PM  18199932   6494356     26.30     56448   3955216  60601580    235.41
07:32:44 PM  18200056   6494232     26.30     56464   3955292  60601580    235.41
07:32:46 PM  18148576   6545712     26.51     56496   4005408  60601580    235.41
07:32:48 PM  18148204   6546084     26.51     56496   4005920  60601580    235.41
07:32:50 PM  18144408   6549880     26.52     56540   4010720  60604684    235.42
07:32:52 PM  18144160   6550128     26.52     56548   4011268  60604684    235.42
07:32:54 PM  18143416   6550872     26.53     56548   4011824  60604684    235.42
07:32:56 PM  17989460   6704828     27.15     56588   4161372  60604692    235.42
07:32:58 PM  17988840   6705448     27.15     56588   4161928  60604684    235.42
07:33:00 PM  17993348   6700940     27.14     56616   4162644  59351324    230.55
07:33:02 PM  17992116   6702172     27.14     56616   4163496  59351324    230.55
07:33:04 PM  17991620   6702668     27.14     56620   4164024  59351324    230.55
07:33:06 PM  17836328   6857960     27.77     56668   4314860  59351332    230.55
07:33:08 PM  17835584   6858704     27.77     56676   4315252  59351332    230.55
07:33:10 PM  17845380   6848908     27.73     56684   4304452  59344308    230.53
07:33:12 PM  17845380   6848908     27.73     56684   4304452  59344308    230.53
07:33:14 PM  17845008   6849280     27.74     56692   4304452  59344308    230.53
07:33:16 PM  17687436   7006852     28.37     56748   4457404  59344316    230.53
07:33:18 PM  17687436   7006852     28.37     56764   4457404  59344316    230.53
07:33:20 PM  17682148   7012140     28.40     56800   4461072  59348220    230.54
07:33:22 PM  17675624   7018664     28.42     56800   4468792  59355360    230.57
07:33:24 PM  17675252   7019036     28.42     56808   4469140  59355360    230.57
07:33:26 PM  17623632   7070656     28.63     56832   4519076  59355360    230.57
07:33:28 PM  17604860   7089428     28.71     56852   4530404  61801640    240.07
07:33:30 PM  17610876   7083412     28.68     56892   4531032  59365448    230.61
07:33:32 PM  17610504   7083784     28.69     56900   4531684  59365448    230.61
07:33:34 PM  17610116   7084172     28.69     56900   4532324  59365448    230.61
07:33:36 PM  17455692   7238596     29.31     56932   4682072  59365456    230.61
07:33:38 PM  17455940   7238348     29.31     56932   4682644  59365448    230.61
07:33:40 PM  17455584   7238704     29.31     56948   4683208  59365448    230.61
07:33:42 PM  17455956   7238332     29.31     56948   4683892  59365448    230.61
07:33:44 PM  17455584   7238704     29.31     56948   4684564  59365448    230.61
07:33:46 PM  17300260   7394028     29.94     56988   4835508  59365456    230.61
07:33:48 PM  17299640   7394648     29.94     56988   4836184  59365448    230.61
07:33:50 PM  17308320   7385968     29.91     57008   4825880  59365448    230.61
07:33:52 PM  17307948   7386340     29.91     57008   4826076  59365448    230.61
07:33:54 PM  17307576   7386712     29.91     57008   4826336  59365448    230.61
07:33:56 PM  17140472   7553816     30.59     57096   4983404  60623348    235.50
07:33:58 PM  17140224   7554064     30.59     57112   4983708  60623348    235.50
07:34:00 PM  17117308   7576980     30.68     57148   5002808  60633624    235.54
07:34:02 PM  17117500   7576788     30.68     57148   5002808  60633624    235.54
07:34:04 PM  17106060   7588228     30.73     57176   5013836  60633772    235.54
07:34:06 PM  17040072   7654216     31.00     57216   5078796  60633772    235.54
07:34:08 PM  17040104   7654184     31.00     57224   5079072  60633772    235.54
07:34:10 PM  17039824   7654464     31.00     57232   5079328  60633772    235.54
07:34:12 PM  17039824   7654464     31.00     57240   5079656  60633772    235.54
07:34:14 PM  17039808   7654480     31.00     57240   5080028  60633772    235.54
07:34:16 PM  16875868   7818420     31.66     57300   5233156  63071744    245.01
07:34:18 PM  16882284   7812004     31.63     57300   5233788  60636208    235.55
07:34:20 PM  16882440   7811848     31.63     57300   5234060  60636208    235.55
07:34:22 PM  16882316   7811972     31.63     57316   5234268  60636208    235.55
07:34:24 PM  16882068   7812220     31.64     57316   5234584  60636208    235.55
07:34:26 PM  16727240   7967048     32.26     57376   5385356  60636216    235.55
07:34:28 PM  16736572   7957716     32.22     57384   5374720  60628948    235.52
07:34:30 PM  16736292   7957996     32.23     57400   5374724  60628948    235.52
07:34:32 PM  16736292   7957996     32.23     57400   5374724  60628948    235.52
07:34:34 PM  16736276   7958012     32.23     57400   5374724  60628948    235.52
07:34:36 PM  16589384   8104904     32.82     57456   5516876  60629496    235.52
07:34:38 PM  16580032   8114256     32.86     57500   5519716  63065568    244.98
07:34:40 PM  16585724   8108564     32.84     57508   5521068  60631976    235.53
07:34:42 PM  16585724   8108564     32.84     57508   5521072  60631976    235.53
07:34:44 PM  16585848   8108440     32.84     57516   5521072  60631976    235.53
07:34:46 PM  16534756   8159532     33.04     57536   5570704  60631984    235.53
07:34:48 PM  16534756   8159532     33.04     57536   5570704  60631984    235.53
07:34:50 PM  16534756   8159532     33.04     57544   5570704  60631976    235.53
07:34:52 PM  16534756   8159532     33.04     57552   5570704  60631976    235.53
07:34:54 PM  16534756   8159532     33.04     57552   5570704  60631976    235.53
07:34:56 PM  16381496   8312792     33.66     57584   5719748  60631984    235.53
07:34:58 PM  16371248   8323040     33.70     57600   5723348  63070428    245.00
07:35:00 PM  16377808   8316480     33.68     57616   5723352  60630144    235.52
07:35:02 PM  16377776   8316512     33.68     57632   5723352  60630144    235.52
07:35:04 PM  16369824   8324464     33.71     57632   5730556  60630144    235.52
07:35:06 PM  16203140   8491148     34.39     57692   5891912  60638672    235.56
07:35:08 PM  16203264   8491024     34.38     57716   5892288  60638672    235.56
07:35:10 PM  16203016   8491272     34.39     57724   5892544  60638664    235.56
07:35:12 PM  16203140   8491148     34.39     57724   5892824  60638664    235.56
07:35:14 PM  16203140   8491148     34.39     57732   5893068  60638664    235.56
07:35:16 PM  16045000   8649288     35.03     57788   6046364  60643792    235.58
07:35:18 PM  16044752   8649536     35.03     57788   6046736  60643792    235.58
07:35:20 PM  16044364   8649924     35.03     57796   6047148  60643792    235.58
07:35:22 PM  16043804   8650484     35.03     57804   6047420  60639696    235.56
07:35:24 PM  16043804   8650484     35.03     57804   6047740  60639696    235.56
07:35:26 PM  15993008   8701280     35.24     57828   6097672  60644256    235.58
07:35:28 PM  15992636   8701652     35.24     57828   6097984  60644256    235.58
07:35:30 PM  15992280   8702008     35.24     57836   6098364  60644256    235.58
07:35:32 PM  15991784   8702504     35.24     57844   6098756  60644256    235.58
07:35:34 PM  15988372   8705916     35.25     57844   6099100  63114204    245.17
07:35:36 PM  15836276   8858012     35.87     57936   6252800  59395800    230.73
07:35:38 PM  15836152   8858136     35.87     57936   6253040  59395800    230.73
07:35:40 PM  15835748   8858540     35.87     57944   6253320  59395800    230.73
07:35:42 PM  15835284   8859004     35.87     57952   6253664  59395800    230.73
07:35:44 PM  15835144   8859144     35.88     57952   6254000  59395800    230.73
07:35:46 PM  15690264   9004024     36.46     57992   6393804  59402016    230.75
07:35:48 PM  15700680   8993608     36.42     57996   6383200  59390176    230.71
07:35:50 PM  15700556   8993732     36.42     58008   6383200  59390176    230.71
07:35:52 PM  15701052   8993236     36.42     58016   6383200  59390176    230.71
07:35:54 PM  15701176   8993112     36.42     58016   6383200  59390176    230.71
07:35:56 PM  15544256   9150032     37.05     58076   6536160  59390184    230.71
07:35:58 PM  15544380   9149908     37.05     58096   6536160  59390176    230.71
07:36:00 PM  15540628   9153660     37.07     58120   6539016  59393260    230.72
07:36:02 PM  15539884   9154404     37.07     58128   6540360  59393260    230.72
07:36:04 PM  15539884   9154404     37.07     58136   6540360  59393260    230.72
07:36:06 PM  15540256   9154032     37.07     58136   6540360  59393260    230.72
07:36:08 PM  15535992   9158296     37.09     58152   6543188  59405144    230.76
07:36:10 PM  15536272   9158016     37.09     58176   6544508  59395132    230.72
07:36:12 PM  15536272   9158016     37.09     58176   6544508  59395132    230.72
07:36:14 PM  15536032   9158256     37.09     58184   6544508  59395132    230.72
07:36:16 PM  15536296   9157992     37.09     58192   6544508  59395132    230.72
07:36:18 PM  15536296   9157992     37.09     58192   6544508  59395132    230.72
07:36:20 PM  15536296   9157992     37.09     58200   6544512  59395132    230.72
07:36:22 PM  15536296   9157992     37.09     58208   6544512  59395132    230.72
07:36:24 PM  15536296   9157992     37.09     58208   6544516  59395132    230.72
07:36:26 PM  15536312   9157976     37.09     58216   6544516  59395132    230.72
07:36:28 PM  15536328   9157960     37.09     58216   6544516  59395132    230.72
07:36:30 PM  15536328   9157960     37.09     58216   6544516  59395132    230.72
07:36:32 PM  15524192   9170096     37.13     58244   6555560  59400444    230.75
07:36:34 PM  15524332   9169956     37.13     58244   6555892  59400444    230.75
07:36:36 PM  15524176   9170112     37.13     58252   6556128  59400444    230.75
07:36:38 PM  15524440   9169848     37.13     58260   6556428  59400444    230.75
07:36:40 PM  15524440   9169848     37.13     58268   6556704  59400444    230.75
07:36:42 PM  15524316   9169972     37.13     58280   6557064  59400444    230.75
07:36:44 PM  15524192   9170096     37.13     58280   6557436  59400444    230.75
07:36:46 PM  15523820   9170468     37.14     58288   6557804  59400444    230.75
07:36:48 PM  15523448   9170840     37.14     58288   6558060  59400444    230.75
07:36:50 PM  15522828   9171460     37.14     58288   6558272  59400444    230.75
07:36:52 PM  15500596   9193692     37.23     58332   6573056  61843040    240.23
07:36:54 PM  15506320   9187968     37.21     58340   6573576  59404864    230.76
07:36:56 PM  15498740   9195548     37.24     58356   6581256  59414120    230.80
07:36:58 PM  15498648   9195640     37.24     58356   6581872  59414120    230.80
07:37:00 PM  15498524   9195764     37.24     58364   6582488  59414120    230.80
07:37:02 PM  15498012   9196276     37.24     58376   6583124  59414120    230.80
07:37:04 PM  15497268   9197020     37.24     58384   6583688  59414120    230.80
07:37:06 PM  15496648   9197640     37.25     58392   6584296  59414120    230.80
07:37:08 PM  15496152   9198136     37.25     58392   6584852  59414120    230.80
07:37:10 PM  15496028   9198260     37.25     58396   6585368  59414120    230.80
07:37:12 PM  15502616   9191672     37.22     58404   6578164  59414120    230.80
07:37:14 PM  15502244   9192044     37.22     58404   6578860  59414120    230.80
07:37:16 PM  15502120   9192168     37.22     58404   6579556  59414120    230.80
07:37:18 PM  15511792   9182496     37.18     58412   6569320  59414120    230.80
07:37:20 PM  15521324   9172964     37.15     58424   6559032  59406324    230.77
07:37:22 PM  15521200   9173088     37.15     58424   6559216  59406324    230.77
07:37:24 PM  15520952   9173336     37.15     58432   6559580  59406324    230.77
07:37:26 PM  15530880   9163408     37.11     58448   6548952  59392900    230.72
07:37:28 PM  15524224   9170064     37.13     58456   6551776  61822620    240.15
07:37:30 PM  15527220   9167068     37.12     58476   6553096  59384444    230.68
07:37:32 PM  15517608   9176680     37.16     58504   6556976  60639756    235.56
07:37:34 PM  15517500   9176788     37.16     58520   6556980  60639756    235.56
07:37:36 PM  15496736   9197552     37.25     58528   6572556  60664668    235.66
07:37:38 PM  15495952   9198336     37.25     58536   6576124  60664668    235.66
07:37:40 PM  15495952   9198336     37.25     58556   6576124  60664668    235.66
07:37:42 PM  15495952   9198336     37.25     58564   6576124  60664668    235.66
07:37:44 PM  15495952   9198336     37.25     58564   6576124  60664668    235.66
07:37:46 PM  15493440   9200848     37.26     58572   6576124  63135416    245.25
07:37:48 PM  15486072   9208216     37.29     58596   6580000  61921456    240.54
07:37:50 PM  15489064   9205224     37.28     58612   6576044  61921456    240.54
07:37:52 PM  15464600   9229688     37.38     58620   6597732  61946864    240.64
07:37:54 PM  15464792   9229496     37.38     58620   6597732  61946864    240.64
07:37:56 PM  15464916   9229372     37.37     58628   6597732  61946864    240.64
07:37:58 PM  15464916   9229372     37.37     58648   6597736  61946864    240.64
07:38:00 PM  15464668   9229620     37.38     58648   6597736  61946864    240.64
07:38:02 PM  15468288   9226000     37.36     58656   6593776  61946864    240.64
07:38:04 PM  15468148   9226140     37.36     58656   6593776  61946864    240.64
07:38:06 PM  15465792   9228496     37.37     58660   6593780  61946864    240.64
07:38:08 PM  15468148   9226140     37.36     58668   6593780  61946864    240.64
07:38:10 PM  15468148   9226140     37.36     58668   6593780  61946864    240.64
07:38:12 PM  15468272   9226016     37.36     58668   6593780  61946864    240.64
07:38:14 PM  15468272   9226016     37.36     58676   6593780  61946864    240.64
07:38:16 PM  15466040   9228248     37.37     58676   6593780  61946864    240.64
07:38:18 PM  15468396   9225892     37.36     58676   6593780  61946864    240.64
07:38:20 PM  15479044   9215244     37.32     58688   6582980  61939668    240.61
07:38:22 PM  15479044   9215244     37.32     58688   6582980  61939668    240.61
07:38:24 PM  15463132   9231156     37.38     58708   6593792  63195192    245.49
07:38:26 PM  15460652   9233636     37.39     58740   6593796  63195192    245.49
07:38:28 PM  15473548   9220740     37.34     58744   6583008  63195192    245.49
07:38:30 PM  15471160   9223128     37.35     58760   6583020  65667752    255.09
07:38:32 PM  15470656   9223632     37.35     58780   6587176  63205680    245.53
07:38:34 PM  15470516   9223772     37.35     58796   6587192  63205680    245.53
07:38:36 PM  15470624   9223664     37.35     58796   6587200  63205680    245.53
07:38:38 PM  15470872   9223416     37.35     58804   6587216  63205680    245.53
07:38:40 PM  15470624   9223664     37.35     58812   6587224  63205680    245.53
07:38:42 PM  15470624   9223664     37.35     58824   6587236  63205680    245.53
07:38:44 PM  15470376   9223912     37.35     58832   6587248  63205680    245.53
07:38:46 PM  15470252   9224036     37.35     58832   6587264  63205680    245.53
07:38:48 PM  15470252   9224036     37.35     58832   6587280  63205680    245.53
07:38:50 PM  15469880   9224408     37.35     58840   6587292  63205680    245.53
07:38:52 PM  15465740   9228548     37.37     58860   6590124  63197476    245.50
07:38:54 PM  15464872   9229416     37.37     58860   6591460  63197476    245.50
07:38:56 PM  15464996   9229292     37.37     58876   6591472  63197476    245.50
07:38:58 PM  15464872   9229416     37.37     58876   6591476  63197476    245.50
07:39:00 PM  15465120   9229168     37.37     58876   6591476  63197476    245.50
07:39:02 PM  15464980   9229308     37.37     58892   6591476  63197476    245.50
07:39:04 PM  15464980   9229308     37.37     58892   6591476  63197476    245.50
07:39:06 PM  15474528   9219760     37.34     58896   6580676  63197536    245.50
07:39:08 PM  15474528   9219760     37.34     58904   6580676  63197536    245.50
07:39:10 PM  15474528   9219760     37.34     58912   6580676  63197536    245.50
07:39:12 PM  15474404   9219884     37.34     58912   6580676  63197536    245.50
07:39:14 PM  15474404   9219884     37.34     58920   6580676  63197536    245.50
07:39:16 PM  15471396   9222892     37.35     58936   6580676  65582500    254.76
07:39:18 PM  15456064   9238224     37.41     58976   6591660  65635692    254.97
07:39:20 PM  15462500   9231788     37.38     58976   6591660  63201408    245.51
07:39:22 PM  15462624   9231664     37.38     58992   6591660  63201408    245.51
07:39:24 PM  15462996   9231292     37.38     58992   6591660  63201408    245.51
07:39:26 PM  15463120   9231168     37.38     59012   6591660  63201408    245.51
07:39:28 PM  15463120   9231168     37.38     59012   6591660  63201408    245.51
07:39:30 PM  15462996   9231292     37.38     59016   6591660  63201408    245.51
07:39:32 PM  15462996   9231292     37.38     59024   6591660  63201408    245.51
07:39:34 PM  15462980   9231308     37.38     59024   6591660  63201408    245.51
07:39:36 PM  15462996   9231292     37.38     59032   6591660  63201408    245.51
07:39:38 PM  15466080   9228208     37.37     59040   6587704  63201408    245.51
07:39:40 PM  15466112   9228176     37.37     59048   6587704  63201408    245.51
07:39:42 PM  15466080   9228208     37.37     59048   6587704  63201408    245.51
07:39:44 PM  15466080   9228208     37.37     59068   6587704  63201408    245.51
07:39:46 PM  15465956   9228332     37.37     59068   6587704  63201408    245.51
07:39:48 PM  15465956   9228332     37.37     59068   6587704  63201408    245.51
07:39:50 PM  15465956   9228332     37.37     59076   6587708  63201408    245.51
07:39:52 PM  15465956   9228332     37.37     59076   6587708  63201408    245.51
07:39:54 PM  15465956   9228332     37.37     59076   6587708  63201408    245.51
07:39:56 PM  15465956   9228332     37.37     59088   6587708  63201408    245.51
07:39:58 PM  15465956   9228332     37.37     59088   6587708  63201408    245.51
07:40:00 PM  15454176   9240112     37.42     59112   6598512  63210040    245.54
07:40:02 PM  15453804   9240484     37.42     59136   6598520  63205944    245.53
07:40:04 PM  15463460   9230828     37.38     59144   6587720  63198108    245.50
07:40:06 PM  15463460   9230828     37.38     59152   6587720  63198108    245.50
07:40:08 PM  15463460   9230828     37.38     59168   6587720  63198108    245.50
07:40:10 PM  15463460   9230828     37.38     59184   6587720  63198108    245.50
07:40:12 PM  15463336   9230952     37.38     59184   6587720  63198108    245.50
07:40:14 PM  15463336   9230952     37.38     59192   6587720  63198108    245.50
07:40:16 PM  15463096   9231192     37.38     59192   6587732  63203236    245.52
07:40:18 PM  15463220   9231068     37.38     59192   6587732  63203236    245.52
07:40:20 PM  15451936   9242352     37.43     59216   6598532  63211208    245.55
07:40:22 PM  15451936   9242352     37.43     59232   6598532  63211208    245.55
07:40:24 PM  15453052   9241236     37.42     59232   6598532  63211208    245.55
07:40:26 PM  15452492   9241796     37.42     59244   6598532  63211208    245.55
07:40:28 PM  15450724   9243564     37.43     59252   6598532  63223248    245.60
07:40:30 PM  15448180   9246108     37.44     59272   6602676  63211212    245.55
07:40:32 PM  15448616   9245672     37.44     59272   6602676  63211212    245.55
07:40:34 PM  15448600   9245688     37.44     59288   6602676  63211212    245.55
07:40:36 PM  15452732   9241556     37.42     59288   6598716  63211212    245.55
07:40:38 PM  15452576   9241712     37.42     59288   6598716  63211212    245.55
07:40:40 PM  15452824   9241464     37.42     59304   6598716  63211212    245.55
07:40:42 PM  15452824   9241464     37.42     59304   6598716  63211212    245.55
07:40:44 PM  15452948   9241340     37.42     59304   6598716  63211212    245.55
07:40:46 PM  15452824   9241464     37.42     59312   6598716  63211212    245.55
07:40:48 PM  15452732   9241556     37.42     59312   6598716  63211212    245.55
07:40:50 PM  15453320   9240968     37.42     59312   6598716  63211212    245.55
07:40:52 PM  15453072   9241216     37.42     59320   6598716  63211212    245.55
07:40:54 PM  15453072   9241216     37.42     59320   6598716  63211212    245.55
07:40:56 PM  15453072   9241216     37.42     59328   6598716  63206084    245.53
07:40:58 PM  15473780   9220508     37.34     59348   6577116  63191644    245.47
07:41:00 PM  15477392   9216896     37.32     59348   6573156  63191644    245.47
07:41:02 PM  15477764   9216524     37.32     59348   6573156  63191644    245.47
07:41:04 PM  15477392   9216896     37.32     59364   6573156  63191644    245.47
07:41:06 PM  15477392   9216896     37.32     59364   6573156  63191644    245.47
07:41:08 PM  15480384   9213904     37.31     59372   6569196  63185404    245.45
07:41:10 PM  15480384   9213904     37.31     59380   6569196  63185404    245.45
07:41:12 PM  15480368   9213920     37.31     59384   6569196  63185404    245.45
07:41:14 PM  15476524   9217764     37.33     59400   6572796  63187744    245.46
07:41:16 PM  15476400   9217888     37.33     59416   6572796  63187744    245.46
07:41:18 PM  15457676   9236612     37.40     59448   6583784  65629164    254.94
07:41:20 PM  15463836   9230452     37.38     59448   6584144  63194748    245.48
Average:     16393426   8300862     33.61     57787   5706812  61102750    237.36
