Linux 3.4.94 (localhost.localdomain) 	11/08/2017 	_x86_64_	(16 CPU)

08:40:23 PM kbmemfree kbmemused  %memused kbbuffers  kbcached  kbcommit   %commit
08:40:25 PM  20115100   4575020     18.53     48216   2714084   2831336     11.00
08:40:27 PM  20046716   4643404     18.81     48216   2714012   2843084     11.05
08:40:29 PM  19794948   4895172     19.83     49488   2783096   8548944     33.21
08:40:31 PM  19712404   4977716     20.16     49624   2800524  13810912     53.66
08:40:33 PM  19451292   5238828     21.22     54208   2876452  47894452    186.08
08:40:35 PM  19166852   5523268     22.37     59280   2957516  82916984    322.15
08:40:37 PM  19191388   5498732     22.27     59964   2967736  76940084    298.93
08:40:39 PM  19226872   5463248     22.13     59968   2967748  70663300    274.54
08:40:41 PM  19236336   5453784     22.09     59984   2967896  69407580    269.66
08:40:43 PM  19228296   5461824     22.12     60020   2967892  69457828    269.86
08:40:45 PM  19032076   5658044     22.92     60116   3131768  76898552    298.77
08:40:47 PM  19039344   5650776     22.89     60136   3135816  69491636    269.99
08:40:49 PM  19038328   5651792     22.89     60184   3135752  69491812    269.99
08:40:51 PM  19008100   5682020     23.01     60184   3165560  69417812    269.70
08:40:53 PM  19008348   5681772     23.01     60184   3166112  69417812    269.70
08:40:55 PM  18837796   5852324     23.70     60252   3328448  69417816    269.70
08:40:57 PM  18837400   5852720     23.70     60260   3332696  69417816    269.70
08:40:59 PM  18836904   5853216     23.71     60260   3333332  69417816    269.70
08:41:01 PM  18836284   5853836     23.71     60276   3333928  69417816    269.70
08:41:03 PM  18835828   5854292     23.71     60316   3334444  69417816    269.70
08:41:05 PM  18689696   6000424     24.30     60396   3488000  65654940    255.08
08:41:07 PM  18692788   5997332     24.29     60412   3484908  65654900    255.08
08:41:09 PM  18692172   5997948     24.29     60412   3485412  65654908    255.08
08:41:11 PM  18691428   5998692     24.30     60420   3486048  65655036    255.08
08:41:13 PM  18691304   5998816     24.30     60420   3486644  65655000    255.08
08:41:15 PM  18644792   6045328     24.48     60460   3536620  64400220    250.21
08:41:17 PM  18644336   6045784     24.49     60460   3537436  64400220    250.21
08:41:19 PM  18643636   6046484     24.49     60464   3538124  64400220    250.21
08:41:21 PM  18642892   6047228     24.49     60480   3538764  64400264    250.21
08:41:23 PM  18642416   6047704     24.49     60480   3539344  64400264    250.21
08:41:25 PM  18498044   6192076     25.08     60520   3677564  64393160    250.18
08:41:27 PM  18492768   6197352     25.10     60540   3681440  64404076    250.22
08:41:29 PM  18492716   6197404     25.10     60548   3681952  64397328    250.20
08:41:31 PM  18492840   6197280     25.10     60548   3681968  64397328    250.20
08:41:33 PM  18492840   6197280     25.10     60556   3681960  64397328    250.20
08:41:35 PM  18348512   6341608     25.68     60616   3832464  60634868    235.58
08:41:37 PM  18348520   6341600     25.68     60616   3832328  60634868    235.58
08:41:39 PM  18348896   6341224     25.68     60624   3832320  60634868    235.58
08:41:41 PM  18348276   6341844     25.69     60632   3832312  60634868    235.58
08:41:43 PM  18358940   6331180     25.64     60632   3821548  60627660    235.55
08:41:45 PM  18189400   6500720     26.33     60712   3985544  60634884    235.58
08:41:47 PM  18188940   6501180     26.33     60720   3985880  60635012    235.58
08:41:49 PM  18189072   6501048     26.33     60728   3986124  60635304    235.58
08:41:51 PM  18188700   6501420     26.33     60728   3986280  60635304    235.58
08:41:53 PM  18180640   6509480     26.36     60780   3993876  60639044    235.59
08:41:55 PM  18129252   6560868     26.57     60812   4043988  60639048    235.59
08:41:57 PM  18125456   6564664     26.59     60812   4048124  60642884    235.61
08:41:59 PM  18125332   6564788     26.59     60820   4048368  60642884    235.61
08:42:01 PM  18124960   6565160     26.59     60828   4048508  60642884    235.61
08:42:03 PM  18124588   6565532     26.59     60852   4048956  60642884    235.61
08:42:05 PM  17970824   6719296     27.21     60884   4198256  60642884    235.61
08:42:07 PM  17970692   6719428     27.22     60884   4198952  60642884    235.61
08:42:09 PM  17970568   6719552     27.22     60884   4199232  60642884    235.61
08:42:11 PM  17970320   6719800     27.22     60900   4199352  60642884    235.61
08:42:13 PM  17969948   6720172     27.22     60900   4199744  60642884    235.61
08:42:15 PM  17814896   6875224     27.85     60936   4350176  60642880    235.61
08:42:17 PM  17815152   6874968     27.85     60936   4350832  60642880    235.61
08:42:19 PM  17814780   6875340     27.85     60936   4351112  60642880    235.61
08:42:21 PM  17799480   6890640     27.91     60980   4358496  61911984    240.54
08:42:23 PM  17796544   6893576     27.92     60980   4362776  61904744    240.51
08:42:25 PM  17636168   7053952     28.57     61024   4516208  61906040    240.52
08:42:27 PM  17636436   7053684     28.57     61060   4516740  61905016    240.51
08:42:29 PM  17636188   7053932     28.57     61060   4517704  61905016    240.51
08:42:31 PM  17635940   7054180     28.57     61096   4518588  61904976    240.51
08:42:33 PM  17635320   7054800     28.57     61104   4519268  61904976    240.51
08:42:35 PM  17582460   7107660     28.79     61128   4569800  61905016    240.51
08:42:37 PM  17580964   7109156     28.79     61128   4570792  61905016    240.51
08:42:39 PM  17591504   7098616     28.75     61132   4560908  61897816    240.49
08:42:41 PM  17590264   7099856     28.76     61148   4561668  61897816    240.49
08:42:43 PM  17599812   7090308     28.72     61152   4551404  61890740    240.46
08:42:45 PM  17457704   7232416     29.29     61172   4689776  61884320    240.43
08:42:47 PM  17457356   7232764     29.29     61200   4690052  61883468    240.43
08:42:49 PM  17458224   7231896     29.29     61216   4690036  61883596    240.43
08:42:51 PM  17458224   7231896     29.29     61224   4690028  61883524    240.43
08:42:53 PM  17458224   7231896     29.29     61224   4690028  61883524    240.43
08:42:55 PM  17303000   7387120     29.92     61240   4840108  61884552    240.43
08:42:57 PM  17303396   7386724     29.92     61264   4840404  61883448    240.43
08:42:59 PM  17303396   7386724     29.92     61264   4840404  61883448    240.43
08:43:01 PM  17303272   7386848     29.92     61280   4840392  61883448    240.43
08:43:03 PM  17295104   7395016     29.95     61300   4847576  61887028    240.44
08:43:05 PM  17118156   7571964     30.67     61384   5008132  64397848    250.20
08:43:07 PM  17115272   7574848     30.68     61440   5011692  64400068    250.21
08:43:09 PM  17091944   7598176     30.77     61456   5029840  64425080    250.30
08:43:11 PM  17083188   7606932     30.81     61456   5041172  64425080    250.30
08:43:13 PM  17083188   7606932     30.81     61476   5041156  64425080    250.30
08:43:15 PM  17022524   7667596     31.06     61508   5100324  64425084    250.30
08:43:17 PM  17022640   7667480     31.05     61508   5100592  64425084    250.30
08:43:19 PM  17022640   7667480     31.05     61508   5100592  64425084    250.30
08:43:21 PM  17022640   7667480     31.05     61524   5100576  64425084    250.30
08:43:23 PM  17022764   7667356     31.05     61524   5100576  64425084    250.30
08:43:25 PM  16869620   7820500     31.67     61536   5249392  64426060    250.31
08:43:27 PM  16880036   7810084     31.63     61564   5238816  64417908    250.28
08:43:29 PM  16890552   7799568     31.59     61568   5227892  64410772    250.25
08:43:31 PM  16890556   7799564     31.59     61584   5227996  64410852    250.25
08:43:33 PM  16890680   7799440     31.59     61584   5227996  64410852    250.25
08:43:35 PM  16740088   7950032     32.20     61616   5378604  63161000    245.39
08:43:37 PM  16740824   7949296     32.20     61656   5378924  63159892    245.39
08:43:39 PM  16741196   7948924     32.19     61664   5378912  63159892    245.39
08:43:41 PM  16733360   7956760     32.23     61688   5386136  63163560    245.40
08:43:43 PM  16733980   7956140     32.22     61696   5386152  63163280    245.40
08:43:45 PM  16572260   8117860     32.88     61736   5542392  63168144    245.42
08:43:47 PM  16572564   8117556     32.88     61772   5542728  63166784    245.42
08:43:49 PM  16570252   8119868     32.89     61788   5545544  63169520    245.43
08:43:51 PM  16569440   8120680     32.89     61816   5546840  63170772    245.43
08:43:53 PM  16569564   8120556     32.89     61824   5546832  63170772    245.43
08:43:55 PM  16508352   8181768     33.14     61864   5599436  65609752    254.91
08:43:57 PM  16513960   8176160     33.12     61864   5600668  63174816    245.45
08:43:59 PM  16513976   8176144     33.12     61864   5600676  63174816    245.45
08:44:01 PM  16514100   8176020     33.11     61880   5600668  63174816    245.45
08:44:03 PM  16514100   8176020     33.11     61880   5600668  63174816    245.45
08:44:05 PM  16359676   8330444     33.74     61908   5749496  63171640    245.43
08:44:07 PM  16360036   8330084     33.74     61932   5749740  63174760    245.45
08:44:09 PM  16360284   8329836     33.74     61940   5749736  63174752    245.45
08:44:11 PM  16360284   8329836     33.74     61956   5749724  63174752    245.45
08:44:13 PM  16367344   8322776     33.71     61964   5742436  63171152    245.43
08:44:15 PM  16212756   8477364     34.34     61976   5892604  63168168    245.42
08:44:17 PM  16212804   8477316     34.33     62008   5892888  63171160    245.43
08:44:19 PM  16212928   8477192     34.33     62016   5892880  63171160    245.43
08:44:21 PM  16212928   8477192     34.33     62024   5892872  63171160    245.43
08:44:23 PM  16213052   8477068     34.33     62036   5892860  63171160    245.43
08:44:25 PM  16054896   8635224     34.97     62060   6045900  63172660    245.44
08:44:27 PM  16055052   8635068     34.97     62092   6045944  63171292    245.43
08:44:29 PM  16055100   8635020     34.97     62092   6045944  63171292    245.43
08:44:31 PM  16038628   8651492     35.04     62136   6049540  66861868    259.77
08:44:33 PM  16044940   8645180     35.01     62136   6049516  64427652    250.31
08:44:35 PM  15992956   8697164     35.23     62172   6099092  64423560    250.30
08:44:37 PM  15994144   8695976     35.22     62180   6099200  64426128    250.31
08:44:39 PM  15994144   8695976     35.22     62180   6099200  64426128    250.31
08:44:41 PM  15994144   8695976     35.22     62188   6099192  64426128    250.31
08:44:43 PM  15994276   8695844     35.22     62196   6099184  64425988    250.31
08:44:45 PM  15840860   8849260     35.84     62208   6247996  64422872    250.30
08:44:47 PM  15841132   8848988     35.84     62232   6248232  64425992    250.31
08:44:49 PM  15828180   8861940     35.89     62252   6259136  66818180    259.60
08:44:51 PM  15830312   8859808     35.88     62268   6259008  64433092    250.34
08:44:53 PM  15830312   8859808     35.88     62276   6259012  64433092    250.34
08:44:55 PM  15675508   9014612     36.51     62296   6409096  64430140    250.32
08:44:57 PM  15675964   9014156     36.51     62320   6409580  64433132    250.34
08:44:59 PM  15675980   9014140     36.51     62336   6409432  64433132    250.34
08:45:01 PM  15674612   9015508     36.51     62396   6409696  64429624    250.32
08:45:03 PM  15671276   9018844     36.53     62412   6413628  64436948    250.35
08:45:05 PM  15486316   9203804     37.28     62432   6591928  64463208    250.45
08:45:07 PM  15486436   9203684     37.28     62476   6591984  64465944    250.46
08:45:09 PM  15486932   9203188     37.27     62492   6591988  64465944    250.46
08:45:11 PM  15496108   9194012     37.24     62508   6581172  64458744    250.44
08:45:13 PM  15496108   9194012     37.24     62508   6581172  64458744    250.44
08:45:15 PM  15496232   9193888     37.24     62524   6581196  64454696    250.42
08:45:17 PM  15496356   9193764     37.24     62524   6581196  64458792    250.44
08:45:19 PM  15496356   9193764     37.24     62524   6581196  64458792    250.44
08:45:21 PM  15496480   9193640     37.24     62548   6581180  64458792    250.44
08:45:23 PM  15496480   9193640     37.24     62548   6581184  64458792    250.44
08:45:25 PM  15496480   9193640     37.24     62548   6581184  64454696    250.42
08:45:27 PM  15491116   9199004     37.26     62576   6584816  64477956    250.51
08:45:29 PM  15492644   9197476     37.25     62576   6584780  64458884    250.44
08:45:31 PM  15492280   9197840     37.25     62592   6584792  64458856    250.44
08:45:33 PM  15457924   9232196     37.39     62616   6606220  68165536    264.84
08:45:35 PM  15468700   9221420     37.35     62624   6602832  65723584    255.35
08:45:37 PM  15468700   9221420     37.35     62644   6602828  65727680    255.37
08:45:39 PM  15468824   9221296     37.35     62652   6602832  65727760    255.37
08:45:41 PM  15468700   9221420     37.35     62652   6602844  65727760    255.37
08:45:43 PM  15469444   9220676     37.35     62668   6602848  65727760    255.37
08:45:45 PM  15469320   9220800     37.35     62668   6602860  65723664    255.35
08:45:47 PM  15469200   9220920     37.35     62668   6602896  65727760    255.37
08:45:49 PM  15479632   9210488     37.30     62676   6592308  65720620    255.34
08:45:51 PM  15479732   9210388     37.30     62676   6592120  65720620    255.34
08:45:53 PM  15479980   9210140     37.30     62676   6592132  65720620    255.34
08:45:55 PM  15479856   9210264     37.30     62692   6592132  65716652    255.32
08:45:57 PM  15479608   9210512     37.30     62692   6592164  65720748    255.34
08:45:59 PM  15479608   9210512     37.30     62692   6592180  65720748    255.34
08:46:01 PM  15480228   9209892     37.30     62700   6592188  65720748    255.34
08:46:03 PM  15479732   9210388     37.30     62700   6592200  65720748    255.34
08:46:05 PM  15479608   9210512     37.30     62700   6592216  65716652    255.32
08:46:07 PM  15490140   9199980     37.26     62716   6581288  65713548    255.31
08:46:09 PM  15489900   9200220     37.26     62716   6581412  65713548    255.31
08:46:11 PM  15490024   9200096     37.26     62716   6581412  65713548    255.31
08:46:13 PM  15486156   9203964     37.28     62732   6585032  65713816    255.31
08:46:15 PM  15486540   9203580     37.28     62740   6585032  65709640    255.30
08:46:17 PM  15478836   9211284     37.31     62744   6591812  65720916    255.34
08:46:19 PM  15479580   9210540     37.30     62744   6592228  65720916    255.34
08:46:21 PM  15479952   9210168     37.30     62752   6592220  65720916    255.34
08:46:23 PM  15479456   9210664     37.31     62752   6592220  65720916    255.34
08:46:25 PM  15479456   9210664     37.31     62752   6592232  65716820    255.32
08:46:27 PM  15479236   9210884     37.31     62760   6592224  65720916    255.34
08:46:29 PM  15483336   9206784     37.29     62760   6588264  65716932    255.32
08:46:31 PM  15484520   9205600     37.28     62776   6584608  65724312    255.35
08:46:33 PM  15482924   9207196     37.29     62792   6588236  65717072    255.32
08:46:35 PM  15483304   9206816     37.29     62800   6588280  65712948    255.31
08:46:37 PM  15482312   9207808     37.29     62800   6588284  65717252    255.32
08:46:39 PM  15482808   9207312     37.29     62820   6588264  65717252    255.32
08:46:41 PM  15493588   9196532     37.25     62820   6577464  65710052    255.30
08:46:43 PM  15493480   9196640     37.25     62832   6577452  65710052    255.30
08:46:45 PM  15493480   9196640     37.25     62840   6577444  65705956    255.28
08:46:47 PM  15494224   9195896     37.25     62840   6577484  65710180    255.30
08:46:49 PM  15494596   9195524     37.24     62840   6577484  65710180    255.30
08:46:51 PM  15494348   9195772     37.24     62860   6577476  65710180    255.30
08:46:53 PM  15483980   9206140     37.29     62872   6581104  68146456    264.76
08:46:55 PM  15490276   9199844     37.26     62872   6581608  65710060    255.30
08:46:57 PM  15490400   9199720     37.26     62872   6581628  65714156    255.31
08:46:59 PM  15485236   9204884     37.28     62900   6584992  65714136    255.31
08:47:01 PM  15485680   9204440     37.28     62900   6585204  65714136    255.31
08:47:03 PM  15485940   9204180     37.28     62920   6585184  65714136    255.31
08:47:05 PM  15478748   9211372     37.31     62928   6592376  65717220    255.32
08:47:07 PM  15478872   9211248     37.31     62936   6592424  65721316    255.34
08:47:09 PM  15478996   9211124     37.31     62936   6592424  65721316    255.34
08:47:11 PM  15478996   9211124     37.31     62936   6592428  65721316    255.34
08:47:13 PM  15478996   9211124     37.31     62944   6592420  65721316    255.34
08:47:15 PM  15479120   9211000     37.31     62944   6592420  65717220    255.32
08:47:17 PM  15478996   9211124     37.31     62944   6592436  65721316    255.34
08:47:19 PM  15478748   9211372     37.31     62952   6592428  65721316    255.34
08:47:21 PM  15478996   9211124     37.31     62952   6592428  65721316    255.34
08:47:23 PM  15489180   9200940     37.27     62964   6581496  65714116    255.31
08:47:25 PM  15499580   9190540     37.22     62972   6570820  65702820    255.27
08:47:27 PM  15499580   9190540     37.22     62972   6570828  65706916    255.28
08:47:29 PM  15499952   9190168     37.22     62980   6570836  65706916    255.28
08:47:31 PM  15499952   9190168     37.22     62988   6570828  65706916    255.28
08:47:33 PM  15500076   9190044     37.22     62992   6570824  65706916    255.28
08:47:35 PM  15496136   9193984     37.24     63012   6573652  65705488    255.28
08:47:37 PM  15490936   9199184     37.26     63028   6578576  65710964    255.30
08:47:39 PM  15491248   9198872     37.26     63044   6578560  65710964    255.30
08:47:41 PM  15484056   9206064     37.29     63052   6585832  65718144    255.33
08:47:43 PM  15479592   9210528     37.30     63076   6589328  65718204    255.33
08:47:45 PM  15479604   9210516     37.30     63092   6589364  65714108    255.31
08:47:47 PM  15472784   9217336     37.33     63100   6596568  65725384    255.36
08:47:49 PM  15473156   9216964     37.33     63100   6596568  65725384    255.36
08:47:51 PM  15473280   9216840     37.33     63108   6596560  65725384    255.36
08:47:53 PM  15473280   9216840     37.33     63108   6596560  65725384    255.36
08:47:55 PM  15473280   9216840     37.33     63108   6596560  65721288    255.34
08:47:57 PM  15473280   9216840     37.33     63116   6596568  65725384    255.36
08:47:59 PM  15473404   9216716     37.33     63116   6596568  65725384    255.36
08:48:01 PM  15473404   9216716     37.33     63116   6596568  65725384    255.36
08:48:03 PM  15473156   9216964     37.33     63124   6596568  65725384    255.36
08:48:05 PM  15473404   9216716     37.33     63124   6596568  65721288    255.34
08:48:07 PM  15473296   9216824     37.33     63124   6596576  65725384    255.36
08:48:09 PM  15473420   9216700     37.33     63132   6596568  65725384    255.36
08:48:11 PM  15473420   9216700     37.33     63132   6596568  65725384    255.36
08:48:13 PM  15473172   9216948     37.33     63132   6596568  65725384    255.36
08:48:15 PM  15473296   9216824     37.33     63140   6596560  65721288    255.34
08:48:17 PM  15472676   9217444     37.33     63140   6596576  65725384    255.36
08:48:19 PM  15473172   9216948     37.33     63140   6596576  65725384    255.36
08:48:21 PM  15473172   9216948     37.33     63148   6596568  65725384    255.36
08:48:23 PM  15472924   9217196     37.33     63148   6596568  65725384    255.36
08:48:25 PM  15473048   9217072     37.33     63148   6596568  65721288    255.34
08:48:27 PM  15472676   9217444     37.33     63156   6596568  65725384    255.36
08:48:29 PM  15473172   9216948     37.33     63156   6596568  65725384    255.36
08:48:31 PM  15483836   9206284     37.29     63164   6585640  65718184    255.33
08:48:33 PM  15483588   9206532     37.29     63180   6585744  65718184    255.33
08:48:35 PM  15487316   9202804     37.27     63180   6581816  65710104    255.30
08:48:37 PM  15498104   9192016     37.23     63180   6571016  65707000    255.28
08:48:39 PM  15498104   9192016     37.23     63204   6570992  65707000    255.28
08:48:41 PM  15498476   9191644     37.23     63212   6570988  65707000    255.28
08:48:43 PM  15493400   9196720     37.25     63228   6574608  65707000    255.28
08:48:45 PM  15493400   9196720     37.25     63244   6574620  65702904    255.27
08:48:47 PM  15486952   9203168     37.27     63244   6581900  65714180    255.31
08:48:49 PM  15490928   9199192     37.26     63252   6578080  65710196    255.30
08:48:51 PM  15485336   9204784     37.28     63280   6581464  65721136    255.34
08:48:53 PM  15486724   9203396     37.28     63284   6581956  65714184    255.31
08:48:55 PM  15490204   9199916     37.26     63284   6578144  65706104    255.28
08:48:57 PM  15490576   9199544     37.26     63300   6578024  65710200    255.30
08:48:59 PM  15490576   9199544     37.26     63300   6578024  65710200    255.30
08:49:01 PM  15482252   9207868     37.29     63316   6589028  65711452    255.30
08:49:03 PM  15482404   9207716     37.29     63336   6588832  65711452    255.30
08:49:05 PM  15482900   9207220     37.29     63344   6588824  65707336    255.29
08:49:07 PM  15482404   9207716     37.29     63344   6588844  65711432    255.30
08:49:09 PM  15482776   9207344     37.29     63352   6588836  65711432    255.30
08:49:11 PM  15482528   9207592     37.29     63368   6588820  65711432    255.30
08:49:13 PM  15482404   9207716     37.29     63376   6588836  65711432    255.30
08:49:15 PM  15483520   9206600     37.29     63384   6588828  65707336    255.29
08:49:17 PM  15483272   9206848     37.29     63384   6588844  65711432    255.30
08:49:19 PM  15483396   9206724     37.29     63392   6588836  65711432    255.30
08:49:21 PM  15483272   9206848     37.29     63392   6588836  65711432    255.30
08:49:23 PM  15483148   9206972     37.29     63392   6588836  65711432    255.30
08:49:25 PM  15483372   9206748     37.29     63400   6588828  65711432    255.30
08:49:27 PM  15482580   9207540     37.29     63400   6588852  65711432    255.30
08:49:29 PM  15482744   9207376     37.29     63408   6588848  65711432    255.30
08:49:31 PM  15492232   9197888     37.25     63420   6578036  65704232    255.27
08:49:33 PM  15491984   9198136     37.25     63420   6578036  65704232    255.27
08:49:35 PM  15491984   9198136     37.25     63428   6578028  65704232    255.27
08:49:37 PM  15491332   9198788     37.26     63444   6578048  65705736    255.28
08:49:39 PM  15502368   9187752     37.21     63452   6567240  65698536    255.25
08:49:41 PM  15502872   9187248     37.21     63452   6567240  65697032    255.25
08:49:43 PM  15494524   9195596     37.24     63472   6574424  65700692    255.26
08:49:45 PM  15494704   9195416     37.24     63480   6574416  65696596    255.24
08:49:47 PM  15494716   9195404     37.24     63488   6574456  65700692    255.26
08:49:49 PM  15490864   9199256     37.26     63500   6578044  65704272    255.27
08:49:51 PM  15490872   9199248     37.26     63508   6578036  65704272    255.27
08:49:53 PM  15473012   9217108     37.33     63524   6588940  68145744    264.76
08:49:55 PM  15479820   9210300     37.30     63524   6588820  65707436    255.29
08:49:57 PM  15479696   9210424     37.30     63532   6588860  65711532    255.30
08:49:59 PM  15480068   9210052     37.30     63540   6588852  65711512    255.30
08:50:01 PM  15470968   9219152     37.34     63568   6597212  65716140    255.32
08:50:03 PM  15472520   9217600     37.33     63588   6595692  65714796    255.32
08:50:05 PM  15472892   9217228     37.33     63588   6595704  65710672    255.30
08:50:07 PM  15473388   9216732     37.33     63596   6595704  65714768    255.32
08:50:09 PM  15483928   9206192     37.29     63612   6584888  65707568    255.29
08:50:11 PM  15483928   9206192     37.29     63612   6584888  65707568    255.29
08:50:13 PM  15484176   9205944     37.29     63620   6584880  65707568    255.29
08:50:15 PM  15484052   9206068     37.29     63628   6584872  65703472    255.27
08:50:17 PM  15485044   9205076     37.28     63628   6584904  65707568    255.29
08:50:19 PM  15485416   9204704     37.28     63640   6584892  65707568    255.29
08:50:21 PM  15485540   9204580     37.28     63648   6584888  65707568    255.29
08:50:23 PM  15485168   9204952     37.28     63648   6584888  65706848    255.28
Average:     16426492   8263628     33.47     62011   5684780  64058267    248.88
